291162	291185	291062	291488
518432	518443	518418	518508
754718	754729	754588	754821
843382	843393	843340	843636
876648	876663	876645	876800
887161	887172	887058	887257
1057561	1057572	1057515	1058517
1233147	1233161	1233017	1233291
1233203	1233214	1233017	1233291
1236091	1236102	1235831	1236977
1236125	1236143	1235831	1236977
1236431	1236451	1235831	1236977
1474708	1474719	1474704	1474838
1499324	1499335	1499254	1499360
1550869	1550880	1550816	1550982
2238774	2238793	2238767	2238937
2513216	2513275	2513156	2513328
2513217	2513275	2513156	2513328
2520035	2520050	2519861	2520293
2647978	2647989	2647958	2648054
2924307	2924335	2924232	2924365
3301609	3301635	3301586	3301884
3821560	3821571	3821449	3821583
4816264	4816275	4816227	4816465
5072391	5072414	5072361	5072497
5345757	5345800	5345561	5345810
5390357	5390379	5390356	5390628
5489944	5489958	5489806	5490212
5505608	5505619	5505411	5505630
5995573	5995584	5995533	5995633
6156818	6156836	6156753	6157055
6621501	6621519	6621121	6622971
6621697	6621712	6621121	6622971
6621850	6621871	6621121	6622971
6622086	6622137	6621121	6622971
6622408	6622427	6621121	6622971
6642500	6642584	6642409	6642764
6642629	6642662	6642409	6642764
6643010	6643048	6642963	6643073
6653555	6653588	6652302	6654611
7532794	7532805	7532751	7532875
7969361	7969380	7969350	7969807
7969480	7969495	7969350	7969807
8086467	8086478	8086192	8086538
10982566	10982577	10982371	10983159
10982595	10982671	10982371	10983159
10983064	10983075	10982371	10983159
11831828	11831880	11831756	11831946
12622836	12622847	12622800	12622893
15686164	15686201	15685885	15686402
16258393	16258404	16258389	16258482
19117029	19117078	19116712	19117321
19698391	19698413	19698315	19698727
19698488	19698507	19698315	19698727
20784425	20784445	20784289	20785795
20785322	20785353	20784289	20785795
20785415	20785451	20784289	20785795
21428686	21428703	21428676	21428792
21543345	21543378	21543245	21543596
21908257	21908268	21908200	21908507
22146901	22146915	22146896	22147019
22817412	22817423	22817411	22817548
24719168	24719179	24719046	24719218
26152885	26152896	26152498	26153068
26178049	26178060	26178002	26178122
27095473	27095484	27095260	27095912
27095694	27095721	27095558	27095912
27102142	27102167	27102109	27102500
27165190	27165210	27165144	27165457
27173610	27173624	27173348	27174306
27173871	27173911	27173348	27174306
27184482	27184493	27184435	27185144
27184501	27184512	27184435	27185144
27184548	27184564	27184435	27185144
27184600	27184616	27184435	27185144
27199463	27199480	27199155	27200077
27199680	27199729	27199155	27200077
27199827	27199862	27199155	27200077
27199929	27199967	27199155	27200077
27246073	27246092	27245885	27246425
27794325	27794336	27794322	27794446
28804370	28804391	28804198	28804522
30594967	30594982	30594921	30595143
33095289	33095344	33095233	33095432
34844966	34844977	34844895	34844982
36419273	36419284	36419243	36419479
39339671	39339688	39339641	39340015
39339689	39339718	39339641	39340015
39950792	39950811	39950641	39951852
39950840	39950865	39950641	39951852
39951387	39951403	39951017	39951856
39951802	39951813	39951017	39951856
40094948	40094967	40094129	40094980
41690137	41690156	41689649	41690542
43444676	43444700	43444217	43445570
43445387	43445398	43444217	43445570
43583339	43583353	43583243	43583449
44114160	44114192	44113593	44114261
44757479	44757509	44757377	44757561
44884445	44884456	44884409	44885348
44885267	44885278	44884409	44885348
44885308	44885319	44884409	44885348
45080875	45080904	45080875	45081022
45157869	45157880	45157828	45157886
45574546	45574586	45574543	45575182
45574560	45574641	45574543	45575182
45866139	45866176	45866035	45866494
48035558	48035569	48035511	48035630
48043574	48043585	48043480	48043589
48052772	48052783	48052747	48052923
51065201	51065223	51065135	51065449
56102975	56102992	56102866	56103011
65954367	65954392	65954073	65954413
69599758	69599769	69599653	69599962
70118243	70118267	70118131	70118284
70766221	70766268	70766113	70766355
70790590	70790616	70789747	70790996
73447293	73447324	73447263	73447379
73709095	73709110	73709044	73709122
73738672	73738683	73738645	73738770
74048517	74048549	74048502	74048556
74051936	74051963	74051923	74051983
74063319	74063337	74063309	74063369
74224159	74224170	74224017	74224197
74536200	74536211	74536166	74536275
74601103	74601138	74601043	74601297
74650784	74650795	74650318	74650796
74698966	74698977	74698960	74699095
76021876	76021890	76021850	76021992
76261377	76261388	76261351	76261414
76281567	76281616	76281440	76281802
76285697	76285732	76285614	76285843
77696903	77696918	77696469	77697055
77749480	77749497	77749423	77750064
78019488	78019506	78019314	78019976
78019588	78019599	78019314	78019976
80135265	80135276	80135160	80135278
82847220	82847234	82847138	82847247
87182143	87182161	87182055	87182164
87184407	87184418	87184396	87184625
91264999	91265010	91264880	91266824
91265042	91265056	91264880	91266824
91265145	91265156	91264880	91266824
92042078	92042089	92042045	92042186
92080111	92080125	92079078	92080152
92134351	92134362	92134172	92134364
92447895	92447906	92447729	92447978
92470136	92470147	92468764	92470381
93334140	93334151	93334116	93334197
94420246	94420272	94420232	94420286
94663473	94663517	94663454	94664534
94663473	94663484	94663454	94664534
94663496	94663516	94663454	94664534
94911451	94911462	94910113	94911508
95251792	95251803	95251761	95251858
95274125	95274142	95274084	95274168
96645756	96645775	96645739	96645932
97006052	97006143	97005977	97006413
97006109	97006135	97005977	97006413
97006204	97006265	97005977	97006413
97006204	97006218	97005977	97006413
98107207	98107225	98107177	98107280
98212769	98212783	98212309	98212879
98910219	98910249	98910055	98910419
99434982	99434996	99434789	99435268
99876409	99876420	99876061	99877033
99908687	99908712	99908581	99908812
100088993	100089013	100088990	100089066
100124786	100124827	100124724	100124888
100359506	100359517	100359336	100359537
100430064	100430075	100430018	100431689
100430829	100430840	100430018	100431689
100431200	100431216	100430018	100431689
100488901	100488912	100488151	100489666
100493656	100493682	100493645	100493903
100539402	100539419	100539346	100539567
100562643	100562657	100562593	100562682
100577305	100577316	100577272	100577389
100682072	100682092	100682071	100682235
100683186	100683197	100683011	100683230
100683355	100683366	100683303	100683444
100684063	100684081	100684019	100684157
100686012	100686026	100685973	100686079
100686712	100686729	100686648	100686819
100736954	100736965	100736808	100737080
100792514	100792525	100792404	100792544
100884414	100884435	100884367	100884552
100885019	100885037	100884991	100885040
100886861	100886872	100886794	100886968
100888940	100888951	100888842	100889499
100890979	100891015	100890957	100891088
100894167	100894178	100894148	100894232
100966482	100966503	100966385	100966559
101088730	101088744	101087312	101089580
101163297	101163387	101162995	101164843
101163615	101163626	101162995	101164843
101163664	101163685	101162995	101164843
101163734	101163758	101162995	101164843
101172363	101172378	101172078	101172651
101217220	101217244	101217165	101217274
102248847	102248868	102248411	102249042
102300586	102300615	102300550	102301279
102425070	102425081	102425013	102425111
102469837	102469848	102469741	102469882
104329162	104329173	104328860	104329224
105112787	105112804	105111824	105113333
105203717	105203752	105203627	105203785
105203717	105203745	105203627	105203785
105203744	105203755	105203627	105203785
105614350	105614380	105613861	105614816
107045172	107045183	107044907	107045214
107186409	107186420	107186360	107186472
107789604	107789615	107789523	107789688
107791079	107791090	107791047	107791235
111728520	111728548	111728273	111728720
111868024	111868035	111867983	111868154
114631612	114631623	114631542	114631705
115950934	115950945	115950873	115950949
117315117	117315137	117315070	117315348
117711628	117711639	117711536	117711782
117873334	117873361	117873334	117873415
121100033	121100044	121099925	121100094
122013309	122013338	122012647	122013889
122320170	122320181	122320164	122320338
122886181	122886192	122885998	122886337
123661941	123661958	123661859	123663203
123662907	123662929	123661859	123663203
123692785	123692800	123692346	123692867
123692813	123692832	123692346	123692867
123692848	123692867	123692346	123692867
123748701	123748712	123748617	123748734
124032403	124032440	124031860	124033003
124032945	124032959	124031860	124033003
128330898	128330909	128330818	128330928
128335923	128335982	128335846	128336042
128335931	128335956	128335846	128336042
128351981	128351992	128350855	128352678
128352110	128352121	128350855	128352678
128352335	128352346	128352116	128352678
128394906	128394917	128394888	128395033
128794377	128794430	128794347	128794602
129189199	129189220	129189151	129189482
129205699	129205710	129205609	129205782
129212100	129212127	129212023	129212451
129671446	129671457	129671428	129671543
131556271	131556318	131556259	131556359
134933338	134933357	134932987	134934077
134947592	134947603	134947507	134947769
135166648	135166667	135166610	135166871
135245376	135245458	135245287	135245527
135694201	135694212	135694136	135694238
137846647	137846658	137846461	137846862
137846770	137846790	137846461	137846862
138460569	138460592	138460548	138460912
138981108	138981119	138981082	138981269
138981146	138981157	138981082	138981269
139409614	139409633	139409562	139409654
139523963	139524008	139523927	139524117
139575145	139575156	139575127	139575288
140062678	140062689	140062521	140062847
140176916	140176927	140176743	140176937
140479183	140479212	140479159	140479344
140924604	140924625	140924565	140924703
141665301	141665312	141665186	141665318
141887275	141887286	141887147	141888092
142008506	142008625	142008505	142008705
142772062	142772073	142772048	142772208
142864294	142864320	142863965	142864749
142939674	142939685	142939621	142939754
143356991	143357002	143356549	143357022
143382972	143382994	143382849	143383322
143511271	143511285	143510932	143511911
148817900	148817918	148817876	148818117
148828797	148828820	148828739	148828880
149021096	149021112	149020966	149021147
149223837	149223927	149223811	149224647
149432875	149432900	149431775	149432932
149474811	149474898	149474383	149475483
149722447	149722458	149722421	149722553
149730240	149730281	149730146	149730341
150860542	150860553	150860500	150860633
150958407	150958435	150958058	150958502
150993852	150993878	150993803	150993961
151016212	151016229	151016108	151016235
151023127	151023138	151023044	151023206
151024310	151024324	151023873	151024423
151050597	151050608	151050480	151050608
151050847	151050867	151050757	151050953
151066529	151066554	151066516	151066761
151081661	151081698	151081201	151081916
151086774	151086785	151086741	151087072
151167159	151167186	151167010	151167548
151167440	151167451	151167010	151167548
151191647	151191658	151191637	151191876
151275123	151275134	151275113	151275183
152176630	152176641	152176190	152178010
152182509	152182524	152182156	152182594
154968457	154968479	154968402	154969126
154968831	154968853	154968402	154969126
154968899	154968919	154968402	154969126
154968955	154968997	154968402	154969126
154976169	154976196	154976122	154976331
155458452	155458478	155458377	155459062
155700810	155700847	155700772	155701012
155738379	155738390	155738059	155738403
155739874	155739901	155739714	155740026
155803056	155803087	155802899	155803726
156763748	156763759	156763700	156763795
156950515	156950530	156949737	156950724
157005635	157005654	157005519	157005873
157009833	157009849	157009659	157010350
157009950	157009976	157009659	157010350
157010036	157010053	157009659	157010350
157010193	157010221	157009659	157010350
157010238	157010249	157009659	157010350
158587624	158587652	158587557	158587669
158902408	158902419	158902375	158902595
